0.5 Beijing
0.5 Harbin
0.2 Changchun
0.2 Shenyang
0.2 Tianjin
0.2 Hohhot
0.2 Urumqi
0.2 Yinchuan
0.2 Xining
0.2 Lanzhou
0.5 Xi'an
0.2 Lhasa
0.5 Chengdu
0.5 Chongqing
0.2 Guiyang
0.2 Kunming
0.2 Taiyuan
0.2 Shijiazhuang
0.5 Jinan
0.9 Zhengzhou
0.5 Hefei
0.5 Nanjing
0.5 Shanghai
0.9 Wuhan
0.9 Changsha
0.5 Nanchang
0.9 Hangzhou
0.2 Fuzhou
0.2 Taipei
0.2 Nanning
0.2 Haikou
0.9 Guangzhou
0.9 Hongkong
0.2 Macao
138
0 0 3 1 6
0 0 4 1 1
0 0 5 1 4
0 0 16 1 4
0 0 17 1 2
0 0 20 1 9
0 1 2 1 2
0 2 1 1 2
0 2 3 1 3
0 3 0 1 6
0 3 2 1 3
0 4 1 1 1
0 4 18 1 3
0 5 0 1 4
0 5 7 1 5
0 5 16 1 3
0 6 9 1 16
0 7 5 1 5
0 7 9 1 3
0 8 9 1 2
0 8 11 1 12
0 9 6 1 16
0 9 7 1 3
0 9 8 1 2
0 9 10 1 5
0 9 12 1 6
0 10 9 1 5
0 10 12 1 6
0 10 19 1 4
0 10 23 1 6
0 11 8 1 12
0 12 9 1 6
0 12 10 1 6
0 12 13 1 3
0 12 15 1 6
0 13 12 1 3
0 13 14 1 3
0 13 23 1 8
0 14 13 1 3
0 14 15 1 4
0 14 24 1 6
0 14 29 1 5
0 15 12 1 6
0 15 14 1 4
0 15 29 1 6
0 16 0 1 4
0 16 3 1 3
0 16 29 1 17
0 17 0 1 2
0 17 19 1 4
0 18 4 1 3
0 18 21 1 5
0 19 10 1 4
0 19 17 1 4
0 19 23 1 5
0 20 0 1 9
0 20 21 1 1
0 20 23 1 3
0 20 25 1 4
0 21 18 1 5
0 21 20 1 1
0 21 22 1 3
0 22 21 1 3
0 22 26 1 2
0 23 10 1 6
0 23 13 1 8
0 23 19 1 5
0 23 20 1 3
0 23 24 1 3
0 23 25 1 2
0 24 14 1 6
0 24 23 1 3
0 24 25 1 3
0 24 31 1 6
0 25 20 1 4
0 25 23 1 2
0 25 24 1 3
0 25 26 1 5
0 25 27 1 4
0 25 32 1 7
0 26 22 1 2
0 26 25 1 5
0 26 27 1 5
0 27 25 1 4
0 27 26 1 5
0 29 14 1 5
0 29 15 1 6
0 29 16 1 17
0 29 30 1 4
0 29 31 1 5
0 30 29 1 4
0 31 24 1 6
0 31 29 1 5
0 31 32 1 1
0 32 25 1 5
0 32 31 1 1
0 32 33 1 1
0 33 32 1 1
1 0 1 0 8
1 0 10 0 5
1 0 15 0 11
1 0 20 0 5
1 0 22 0 4
1 0 25 0 6
1 0 27 0 9
1 0 31 0 8
1 1 0 0 8
1 10 0 0 5
1 10 19 0 2
1 10 22 0 6
1 12 13 0 1
1 12 22 0 11
1 13 12 0 1
1 14 15 0 2
1 15 0 0 11
1 15 14 0 2
1 15 24 0 6
1 19 10 0 2
1 20 0 0 5
1 22 0 0 4
1 22 10 0 6
1 22 12 0 11
1 22 31 0 8
1 24 15 0 6
1 25 0 0 6
1 27 0 0 9
1 31 0 0 8
1 31 22 0 8
2 0 6 0 4
2 0 11 0 4
2 0 28 0 3
2 0 32 0 4
2 6 0 0 4
2 6 22 0 5
2 11 0 0 4
2 22 6 0 5
2 28 0 0 3
2 32 0 0 4
0 16 3 1 3